C  
C  1    R1 
H  1    R2  2    A2 
H  1    R3  2    A3  3    D3 
H  1    R4  2    A4  3    D4 
C  2    R5  1    A5  3    D5 
H  2    R6  1    A6  6    D6 
C  6    R7  2    A7  1    D7 
H  6    R8  2    A8  8    D8 
C  8    R9  6    A9  2    D9 
H  8   R10  6   A10  10   D10 
H  8   R11  6   A11  10   D11 
C  10   R12  8   A12  6   D12 
H  10   R13  8   A13  13   D13 
H  10   R14  8   A14  13   D14 
C  13   R15  10   A15  8   D15 
H  13   R16  10   A16  16   D16 
H  13   R17  10   A17  16   D17 
C  16   R18  13   A18  10   D18 
H  16   R19  13   A19  19   D19 
H  16   R20  13   A20  19   D20 
C  19   R21  16   A21  13   D21 
H  19   R22  16   A22  22   D22 
H  19   R23  16   A23  22   D23 
C  22   R24  19   A24  16   D24 
H  22   R25  19   A25  25   D25 
H  22   R26  19   A26  25   D26 
H  25   R27  22   A27  19   D27 
H  25   R28  22   A28  28   D28 
H  25   R29  22   A29  28   D29 
X  11   R30  8   A30  10   D30 
C  11   R31  31   A31  8   D31 
H  32   R32  11   A32  31   D32 
H  32   R33  33   A33  11   D33 
H  32   R34  33   A34  34   D34 

R1   =   1.499800
R2   =   1.097400
A2   = 111.153700
R3   =   1.094900
A3   = 111.444500
D3   = 120.528400
R4   =   1.097200
A4   = 111.241300
D4   = 241.178500
R5   =   1.337900
A5   = 124.576100
D5   = 239.531900
R6   =   1.089600
A6   = 115.963600
D6   = 180.430400
R7   =   1.479600
A7   = 126.416500
D7   = 178.191700
R8   =   1.091400
A8   = 118.129900
D8   = 182.107500
R9   =   1.518500
A9   = 118.145200
D9   =  11.199300
R10  =   1.255700
A10  = 106.494800
D10  = 242.165700
R11  =   1.096900
A11  = 111.644700
D11  = 131.990000
R12  =   1.528900
A12  = 112.865600
D12  = 178.037400
R13  =   1.099000
A13  = 109.364400
D13  = 121.740400
R14  =   1.100300
A14  = 109.614200
D14  = 237.777000
R15  =   1.529600
A15  = 112.809400
D15  = 179.667600
R16  =   1.097900
A16  = 108.860400
D16  = 122.384700
R17  =   1.099200
A17  = 109.403700
D17  = 238.150300
R18  =   1.531500
A18  = 114.319200
D18  = 184.677400
R19  =   1.098400
A19  = 108.744000
D19  = 121.796500
R20  =   1.099500
A20  = 109.202600
D20  = 237.224600
R21  =   1.530400
A21  = 114.435400
D21  = 296.585700
R22  =   1.099600
A22  = 109.287800
D22  = 122.697600
R23  =   1.098500
A23  = 108.829600
D23  = 238.198000
R24  =   1.527800
A24  = 112.569100
D24  = 184.516800
R25  =   1.097000
A25  = 109.857500
D25  = 238.118400
R26  =   1.098700
A26  = 109.132300
D26  = 121.946100
R27  =   1.096300
A27  = 110.940800
D27  = 300.506300
R28  =   1.094900
A28  = 111.487100
D28  = 239.836000
R29  =   1.096200
A29  = 111.023300
D29  = 119.562800
R32  =   1.088800
R33  =   1.088500
A33  = 114.560600
R34  =   1.088400
A34  = 114.691200
D34  = 135.910400
D33  = 110.592800
A31  =  94.277000
D31  = 182.308100
D32  = 151.512100
A32  = 103.190300
R31  =   1.474100
D30  = 180.000000
R30  =   1.000000
A30  =  90.000000