C  
C  1    R1 
H  1    R2  2    A2 
H  1    R3  2    A3  3    D3 
C  2    R4  1    A4  3    D4 
H  2    R5  1    A5  5    D5 
H  2    R6  1    A6  5    D6 
C  5    R7  2    A7  1    D7 
H  5    R8  2    A8  8    D8 
H  5    R9  2    A9  8    D9 
C  8   R10  5   A10  2   D10 
H  8   R11  5   A11  11   D11 
H  8   R12  5   A12  11   D12 
C  11   R13  8   A13  5   D13 
H  11   R14  8   A14  14   D14 
H  11   R15  8   A15  14   D15 
C  14   R16  11   A16  8   D16 
H  14   R17  11   A17  17   D17 
H  14   R18  11   A18  17   D18 
H  17   R19  14   A19  11   D19 
H  17   R20  14   A20  20   D20 
H  17   R21  14   A21  20   D21 
C  1   R22  2   A22  3   D22 
C  23   R23  1   A23  2   D23 
H  23   R24  24   A24  1   D24 
H  23   R25  24   A25  25   D25 
C  24   R26  23   A26  25   D26 
H  24   R27  23   A27  27   D27 
C  27   R28  24   A28  23   D28 
H  27   R29  24   A29  29   D29 
H  29   R30  27   A30  24   D30 
H  29   R31  27   A31  31   D31 

R1   =   1.493600
R2   =   1.087500
R3   =   1.086800
R4   =   1.534600
R5   =   1.098100
R6   =   1.104200
R7   =   1.534500
R8   =   1.097100
R9   =   1.096800
R10  =   1.532500
R11  =   1.098300
R12  =   1.097700
R13  =   1.529800
R14  =   1.099000
R15  =   1.098400
R16  =   1.527700
R17  =   1.097500
R18  =   1.098700
R19  =   1.096200
R20  =   1.096300
R21  =   1.094900
R22  =   2.427600
R23  =   1.356600
R24  =   1.084900
R25  =   1.086400
R26  =   1.448400
R27  =   1.089500
R28  =   1.341200
R29  =   1.090500
R30  =   1.085200
R31  =   1.087600
A2   = 119.560500
A3   = 117.667200
A4   = 115.079900
A5   = 108.825200
A6   = 109.317000
A7   = 115.221800
A8   = 108.351200
A9   = 108.862100
A10  = 115.167700
A11  = 108.315000
A12  = 109.447000
A13  = 114.296700
A14  = 109.755500
A15  = 108.600200
A16  = 112.577400
A17  = 109.806600
A18  = 109.207300
A19  = 111.031400
A20  = 110.905600
A21  = 111.505100
A22  = 104.693500
A23  = 106.343300
A24  = 121.014800
A25  = 120.918400
A26  = 123.738900
A27  = 119.350100
A28  = 124.531200
A29  = 116.309000
A30  = 121.733300
A31  = 121.366200
D3   = 211.915000
D4   = 318.158800
D5   = 237.613100
D6   = 123.017600
D7   =  55.861300
D8   = 122.976600
D9   = 237.923000
D10  =  53.731800
D11  = 122.251500
D12  = 237.144100
D13  =  58.936900
D14  = 237.033700
D15  = 121.708700
D16  = 175.965600
D17  = 121.843600
D18  = 237.914800
D19  = 299.822400
D20  = 119.559200
D21  = 239.715200
D22  = 107.843400
D23  = 396.009500
D24  =  99.503900
D25  = 164.748300
D26  = 184.793000
D27  = 184.011200
D28  = 183.917300
D29  = 179.665300
D30  = 179.941600
D31  = 179.779900