C  
C  1    R1 
H  1    R2  2    A2 
H  1    R3  2    A3  3    D3 
C  2    R4  1    A4  3    D4 
H  2    R5  1    A5  5    D5 
C  5    R6  2    A6  1    D6 
H  5    R7  2    A7  7    D7 
H  5    R8  2    A8  7    D8 
C  7    R9  5    A9  2    D9 
H  7   R10  5   A10  10   D10 
H  7   R11  5   A11  10   D11 
C  10   R12  7   A12  5   D12 
H  10   R13  7   A13  13   D13 
H  10   R14  7   A14  13   D14 
H  13   R15  10   A15  7   D15 
H  13   R16  10   A16  16   D16 
H  13   R17  10   A17  16   D17 
C  1   R18  2   A18  3   D18 
C  19   R19  1   A19  2   D19 
H  19   R20  20   A20  1   D20 
H  19   R21  20   A21  21   D21 
C  20   R22  19   A22  21   D22 
H  20   R23  19   A23  23   D23 
H  20   R24  19   A24  23   D24 
C  23   R25  20   A25  19   D25 
H  23   R26  20   A26  26   D26 
H  23   R27  20   A27  26   D27 
H  26   R28  23   A28  20   D28 
H  26   R29  23   A29  29   D29 
H  26   R30  23   A30  29   D30 

R1   =   1.356600
R2   =   1.086000
R3   =   1.086200
R4   =   1.503000
R5   =   1.089400
R6   =   1.528900
R7   =   1.102500
R8   =   1.099400
R9   =   1.532300
R10  =   1.097700
R11  =   1.098800
R12  =   1.529200
R13  =   1.098500
R14  =   1.097000
R15  =   1.096500
R16  =   1.095100
R17  =   1.094900
R18  =   2.302600
R19  =   1.498300
R20  =   1.088300
R21  =   1.088100
R22  =   1.539700
R23  =   1.099300
R24  =   1.099300
R25  =   1.528200
R26  =   1.097400
R27  =   1.097400
R28  =   1.096200
R29  =   1.096200
R30  =   1.095000
A2   = 120.114600
A3   = 121.195600
A4   = 125.823300
A5   = 118.484600
A6   = 115.497200
A7   = 108.735600
A8   = 108.453600
A9   = 113.820200
A10  = 108.991400
A11  = 109.363400
A12  = 114.171800
A13  = 109.211900
A14  = 108.543500
A15  = 110.871100
A16  = 111.831600
A17  = 111.015200
A18  = 109.220600
A19  = 104.419100
A20  = 117.534900
A21  = 117.611500
A22  = 113.368900
A23  = 109.868500
A24  = 109.933700
A25  = 112.574500
A26  = 109.077800
A27  = 109.074600
A28  = 110.991900
A29  = 110.994700
A30  = 111.403900
D3   = 200.713600
D4   = 174.021600
D5   = 174.272900
D6   =  -6.444000
D7   = 122.593400
D8   = 236.256200
D9   = 176.500200
D10  = 238.472700
D11  = 122.510700
D12  =  63.964600
D13  = 237.123600
D14  = 121.744100
D15  =  55.165500
D16  = 239.797300
D17  = 119.818200
D18  = 101.676500
D19  = 167.831400
D20  = 109.102500
D21  = 142.468800
D22  = 287.071400
D23  = 121.616100
D24  = 238.307900
D25  = 179.862000
D26  = 237.888500
D27  = 122.106700
D28  = 300.176400
D29  = 119.631400
D30  = 239.819800