C  
C  1    R1 
H  1    R2  2    A2 
H  1    R3  2    A3  3    D3 
C  2    R4  1    A4  3    D4 
H  2    R5  1    A5  5    D5 
C  5    R6  2    A6  1    D6 
H  5    R7  2    A7  7    D7 
H  5    R8  2    A8  7    D8 
C  7    R9  5    A9  2    D9 
H  7   R10  5   A10  10   D10 
H  7   R11  5   A11  10   D11 
C  10   R12  7   A12  5   D12 
H  10   R13  7   A13  13   D13 
H  10   R14  7   A14  13   D14 
C  13   R15  10   A15  7   D15 
H  13   R16  10   A16  16   D16 
H  13   R17  10   A17  16   D17 
C  16   R18  13   A18  10   D18 
H  16   R19  13   A19  19   D19 
H  16   R20  13   A20  19   D20 
H  19   R21  16   A21  13   D21 
H  19   R22  16   A22  22   D22 
H  19   R23  16   A23  22   D23 
C  1   R24  2   A24  3   D24 
C  25   R25  1   A25  2   D25 
H  25   R26  26   A26  1   D26 
H  25   R27  26   A27  27   D27 
H  26   R28  25   A28  27   D28 
H  26   R29  25   A29  29   D29 
H  26   R30  25   A30  29   D30 

R1   =   1.357200
R2   =   1.088200
R3   =   1.085900
R4   =   1.506800
R5   =   1.088700
R6   =   1.540000
R7   =   1.097800
R8   =   1.097400
R9   =   1.528900
R10  =   1.097200
R11  =   1.098400
R12  =   1.531000
R13  =   1.099700
R14  =   1.097200
R15  =   1.530100
R16  =   1.100100
R17  =   1.098600
R18  =   1.527800
R19  =   1.097000
R20  =   1.098700
R21  =   1.096200
R22  =   1.095000
R23  =   1.096300
R24  =   2.313000
R25  =   1.495200
R26  =   1.086900
R27  =   1.088200
R28  =   1.095800
R29  =   1.100700
R30  =   1.096300
A2   = 120.256300
A3   = 120.608300
A4   = 123.755000
A5   = 118.634200
A6   = 114.030400
A7   = 109.443700
A8   = 109.480800
A9   = 113.543600
A10  = 108.541400
A11  = 108.714400
A12  = 114.160600
A13  = 109.261300
A14  = 108.749900
A15  = 114.579400
A16  = 109.119300
A17  = 108.864600
A18  = 112.583200
A19  = 109.829500
A20  = 109.120300
A21  = 111.020900
A22  = 111.494800
A23  = 110.937700
A24  = 109.679600
A25  = 104.390000
A26  = 117.379100
A27  = 117.904900
A28  = 111.530000
A29  = 111.877100
A30  = 111.089500
D3   = 200.725900
D4   = -12.424100
D5   = 185.312300
D6   = 283.173700
D7   = 121.337300
D8   = 237.735800
D9   = 301.079200
D10  = 237.236800
D11  = 121.873300
D12  = 172.113000
D13  = 123.016900
D14  = 238.634400
D15  =  62.344900
D16  = 237.361500
D17  = 122.022700
D18  = 175.585600
D19  = 121.894400
D20  = 238.041200
D21  = 299.908000
D22  = 239.724300
D23  = 119.559200
D24  = 102.811600
D25  =  68.330900
D26  = 109.340900
D27  = 143.530400
D28  = 73.057100
D29  = 120.051500
D30  = 239.709700
