C  
C  1    R1 
H  1    R2  2    A2 
H  1    R3  2    A3  3    D3 
H  1    R4  2    A4  3    D4 
C  2    R5  1    A5  3    D5 
H  2    R6  1    A6  6    D6 
C  6    R7  2    A7  1    D7 
H  6    R8  2    A8  8    D8 
C  8    R9  6    A9  2    D9 
H  8   R10  6   A10  10   D10 
H  8   R11  6   A11  10   D11 
C  10   R12  8   A12  6   D12 
H  10   R13  8   A13  13   D13 
H  10   R14  8   A14  13   D14 
C  13   R15  10   A15  8   D15 
H  13   R16  10   A16  16   D16 
H  13   R17  10   A17  16   D17 
C  16   R18  13   A18  10   D18 
H  16   R19  13   A19  19   D19 
H  16   R20  13   A20  19   D20 
C  19   R21  16   A21  13   D21 
H  19   R22  16   A22  22   D22 
H  19   R23  16   A23  22   D23 
C  22   R24  19   A24  16   D24 
H  22   R25  19   A25  25   D25 
H  22   R26  19   A26  25   D26 
H  25   R27  22   A27  19   D27 
H  25   R28  22   A28  28   D28 
H  25   R29  22   A29  28   D29 
X  11   R30  8   A30  10   D30 
C  11   R31  31   A31  8   D31 
H  32   R32  11   A32  31   D32 
H  32   R33  33   A33  11   D33 
H  32   R34  33   A34  34   D34 

R1   =   1.499400
R2   =   1.097500
A2   = 110.817500
R3   =   1.096800
A3   = 111.393200
D3   = 118.829800
R4   =   1.094900
A4   = 111.417600
D4   = 239.739400
R5   =   1.334300
A5   = 124.882000
D5   = 118.134100
R6   =   1.090400
A6   = 116.303200
D6   = 180.877700
R7   =   1.490200
A7   = 125.331800
D7   = 182.933800
R8   =   1.094100
A8   = 118.237000
D8   = 178.829000
R9   =   1.529500
A9   = 117.986900
D9   =  92.724900
R10  =   1.291400
A10  = 107.455300
D10  = 241.958600
R11  =   1.096300
A11  = 111.740500
D11  = 129.898100
R12  =   1.535800
A12  = 114.606400
D12  = 310.188700
R13  =   1.100700
A13  = 109.579400
D13  = 123.168400
R14  =   1.097400
A14  = 107.261400
D14  = 237.639000
R15  =   1.530800
A15  = 113.880700
D15  =  89.703900
R16  =   1.097500
A16  = 109.565100
D16  = 121.908600
R17  =   1.098500
A17  = 109.159500
D17  = 237.606400
R18  =   1.527300
A18  = 112.975100
D18  = 189.522600
R19  =   1.096400
A19  = 109.525100
D19  = 121.717000
R20  =   1.099600
A20  = 109.057300
D20  = 237.824200
R21  =   1.528700
A21  = 113.338600
D21  = 180.657400
R22  =   1.099800
A22  = 109.675000
D22  = 122.545400
R23  =   1.099900
A23  = 108.916400
D23  = 238.295100
R24  =   1.527600
A24  = 112.964200
D24  = 180.747100
R25  =   1.098300
A25  = 109.249900
D25  = 237.770400
R26  =   1.098400
A26  = 109.062100
D26  = 122.100200
R27  =   1.096300
A27  = 110.966900
D27  =  59.688000
R28  =   1.096200
A28  = 110.986200
D28  = 240.456000
R29  =   1.095000
A29  = 111.517800
D29  = 120.220800
R32  =   1.089200
R33  =   1.089500
A33  = 113.885000
R34  =   1.089800
A34  = 113.848200
D34  = 132.392100
D33  = 113.285200
A31  =  91.531600
D31  = 177.948700
D32  = 371.848600
A32  = 104.097800
R31  =   1.405100
D30  = 180.000000
R30  =   1.000000
A30  =  90.000000