C  
C  1    R1 
H  1    R2  2    A2 
H  1    R3  2    A3  3    D3 
C  2    R4  1    A4  3    D4 
H  2    R5  1    A5  5    D5 
C  5    R6  2    A6  1    D6 
H  5    R7  2    A7  7    D7 
H  5    R8  2    A8  7    D8 
C  7    R9  5    A9  2    D9 
H  7   R10  5   A10  10   D10 
H  7   R11  5   A11  10   D11 
C  10   R12  7   A12  5   D12 
H  10   R13  7   A13  13   D13 
H  10   R14  7   A14  13   D14 
C  13   R15  10   A15  7   D15 
H  13   R16  10   A16  16   D16 
H  13   R17  10   A17  16   D17 
C  16   R18  13   A18  10   D18 
H  16   R19  13   A19  19   D19 
H  16   R20  13   A20  19   D20 
C  19   R21  16   A21  13   D21 
H  19   R22  16   A22  22   D22 
H  19   R23  16   A23  22   D23 
C  22   R24  19   A24  16   D24 
H  22   R25  19   A25  25   D25 
H  22   R26  19   A26  25   D26 
H  25   R27  22   A27  19   D27 
H  25   R28  22   A28  28   D28 
H  25   R29  22   A29  28   D29 
H  2   R30  1   A30  5   D30 

R1   =   1.346200
R2   =   1.087300
R3   =   1.085400
R4   =   1.507100
R5   =   1.090500
R6   =   1.531100
R7   =   1.097600
R8   =   1.099700
R9   =   1.533300
R10  =   1.097200
R11  =   1.099400
R12  =   1.540200
R13  =   1.096300
R14  =   1.099100
R15  =   1.533000
R16  =   1.097700
R17  =   1.098400
R18  =   1.531400
R19  =   1.098000
R20  =   1.098200
R21  =   1.530800
R22  =   1.098400
R23  =   1.099700
R24  =   1.527800
R25  =   1.097000
R26  =   1.098900
R27  =   1.096200
R28  =   1.096200
R29  =   1.094900
R30  =   2.023200
A2   = 121.346500
A3   = 121.521500
A4   = 124.143100
A5   = 118.722300
A6   = 114.493900
A7   = 109.680300
A8   = 106.969300
A9   = 114.747700
A10  = 108.754800
A11  = 108.778600
A12  = 114.893700
A13  = 107.490100
A14  = 109.295300
A15  = 113.933800
A16  = 109.725500
A17  = 108.991300
A18  = 114.201400
A19  = 110.169500
A20  = 108.144200
A21  = 114.231100
A22  = 108.890600
A23  = 109.461600
A24  = 112.620200
A25  = 110.018800
A26  = 109.016300
A27  = 111.008400
A28  = 110.937200
A29  = 111.484900
A30  =  96.957700
D3   = 182.913500
D4   = 350.792400
D5   = 193.312300
D6   = 145.671200
D7   = 235.629000
D8   = 120.562000
D9   = 179.568500
D10  = 122.442200
D11  = 237.661200
D12  = 300.780100
D13  = 237.840600
D14  = 123.332400
D15  =  96.794600
D16  = 121.004600
D17  = 236.374900
D18  = 183.506500
D19  = 123.031100
D20  = 238.321600
D21  =  68.555200
D22  = 121.499400
D23  = 237.129700
D24  = 176.405200
D25  = 121.982000
D26  = 238.165600
D27  = 300.257000
D28  = 119.565700
D29  = 239.736800
D30  = 107.152400