C  
C  1    R1 
H  1    R2  2    A2 
H  1    R3  2    A3  3    D3 
H  1    R4  2    A4  3    D4 
C  2    R5  1    A5  3    D5 
H  2    R6  1    A6  6    D6 
C  6    R7  2    A7  1    D7 
H  6    R8  2    A8  8    D8 
C  8    R9  6    A9  2    D9 
H  8   R10  6   A10  10   D10 
H  8   R11  6   A11  10   D11 
C  10   R12  8   A12  6   D12 
H  10   R13  8   A13  13   D13 
H  10   R14  8   A14  13   D14 
C  13   R15  10   A15  8   D15 
H  13   R16  10   A16  16   D16 
H  13   R17  10   A17  16   D17 
C  16   R18  13   A18  10   D18 
H  16   R19  13   A19  19   D19 
H  16   R20  13   A20  19   D20 
C  19   R21  16   A21  13   D21 
H  19   R22  16   A22  22   D22 
H  19   R23  16   A23  22   D23 
C  22   R24  19   A24  16   D24 
H  22   R25  19   A25  25   D25 
H  22   R26  19   A26  25   D26 
H  25   R27  22   A27  19   D27 
H  25   R28  22   A28  28   D28 
H  25   R29  22   A29  28   D29 
X  11   R30  8   A30  10   D30 
C  11   R31  31   A31  8   D31 
H  32   R32  11   A32  31   D32 
H  32   R33  33   A33  11   D33 
H  32   R34  33   A34  34   D34 

R1   =   1.499700
R2   =   1.094900
A2   = 111.451700
R3   =   1.097200
A3   = 111.250600
D3   = 120.669300
R4   =   1.097400
A4   = 111.143800
D4   = 239.477400
R5   =   1.338500
A5   = 124.571700
D5   =  -0.051400
R6   =   1.090100
A6   = 115.867500
D6   = 180.471000
R7   =   1.481400
A7   = 126.739700
D7   = 177.360400
R8   =   1.091400
A8   = 117.883700
D8   = 182.949300
R9   =   1.520400
A9   = 118.475100
D9   = 376.452800
R10  =   1.249400
A10  = 106.453000
D10  = 242.122900
R11  =   1.096600
A11  = 111.512800
D11  = 131.785000
R12  =   1.533300
A12  = 113.467500
D12  =  70.239100
R13  =   1.098400
A13  = 108.678100
D13  = 121.313500
R14  =   1.097000
A14  = 109.180500
D14  = 236.368700
R15  =   1.531600
A15  = 114.023400
D15  = 180.466900
R16  =   1.097400
A16  = 109.413100
D16  = 122.813300
R17  =   1.098100
A17  = 108.406700
D17  = 238.197300
R18  =   1.530200
A18  = 114.163000
D18  =  66.512000
R19  =   1.098400
A19  = 108.775400
D19  = 121.501600
R20  =   1.099600
A20  = 109.519500
D20  = 237.128200
R21  =   1.529100
A21  = 113.089000
D21  = 175.346900
R22  =   1.098300
A22  = 110.100500
D22  = 121.920200
R23  =   1.100100
A23  = 109.157200
D23  = 238.138900
R24  =   1.527600
A24  = 112.914800
D24  = 179.648200
R25  =   1.098300
A25  = 109.158700
D25  = 237.877200
R26  =   1.098300
A26  = 109.207300
D26  = 122.175100
R27  =   1.095000
A27  = 111.486000
D27  = 179.868800
R28  =   1.096200
A28  = 110.976000
D28  = 239.798600
R29  =   1.096200
A29  = 110.994800
D29  = 120.208700
R32  =   1.088400
R33  =   1.088400
A33  = 114.870300
R34  =   1.088300
A34  = 114.882800
D34  = 136.317100
D33  = 111.244700
A31  =  95.511200
D31  = 180.877400
D32  =-121.202600
A32  = 104.474200
R31  =   1.481100
D30  = 180.000000
R30  =   1.000000
A30  =  90.000000