O  
O  1    R1 
H  2    R2  1    A2 
X  3    R3  2    A3  1    D3 
C  3    R4  4    A4  2    D4 
C  5    R5  3    A5  4    D5 
C  5    R6  3    A6  6    D6 
H  5    R7  3    A7  6    D7 
C  6    R8  5    A8  3    D8 
H  6    R9  5    A9  9    D9 
H  6   R10  5   A10  9   D10 
H  9   R11  6   A11  5   D11 
H  9   R12  6   A12  12   D12 
H  9   R13  6   A13  12   D13 
C  7   R14  5   A14  3   D14 
H  7   R15  5   A15  15   D15 
C  15   R16  7   A16  5   D16 
H  15   R17  7   A17  17   D17 
C  17   R18  15   A18  7   D18 
H  17   R19  15   A19  19   D19 
H  17   R20  15   A20  19   D20 
C  19   R21  17   A21  15   D21 
H  19   R22  17   A22  22   D22 
H  19   R23  17   A23  22   D23 
C  22   R24  19   A24  17   D24 
H  22   R25  19   A25  25   D25 
H  22   R26  19   A26  25   D26 
C  25   R27  22   A27  19   D27 
H  25   R28  22   A28  28   D28 
H  25   R29  22   A29  28   D29 
H  28   R30  25   A30  22   D30 
H  28   R31  25   A31  31   D31 
H  28   R32  25   A32  31   D32 

R1   =   1.296665
R2   =   0.976653
R3   =   1.000000
R4   =   1.766157
R5   =   1.489469
R6   =   1.341495
R7   =   1.119300
R8   =   1.502302
R9   =   1.101510
R10  =   1.100824
R11  =   1.094180
R12  =   1.096727
R13  =   1.094516
R14  =   1.437932
R15  =   1.074730
R16  =   1.493602
R17  =   1.093575
R18  =   1.512628
R19  =   1.112956
R20  =   1.101778
R21  =   1.530438
R22  =   1.097956
R23  =   1.098107
R24  =   1.532129
R25  =   1.096356
R26  =   1.094509
R27  =   1.519273
R28  =   1.096075
R29  =   1.096292
R30  =   1.094029
R31  =   1.095851
R32  =   1.094374
A2   = 132.092349
A3   =  90.000000
A4   =  89.905354
A5   =  75.043375
A6   =  78.051673
A7   = 140.867178
A8   = 114.736922
A9   = 107.138773
A10  = 108.051907
A11  = 110.899360
A12  = 109.074017
A13  = 111.069221
A14  = 120.220987
A15  = 121.608651
A16  = 120.338493
A17  = 120.597966
A18  = 107.798339
A19  = 109.585613
A20  = 112.557931
A21  = 112.498709
A22  = 107.490437
A23  = 109.854321
A24  = 114.444178
A25  = 109.227593
A26  = 107.041631
A27  = 111.835335
A28  = 110.486569
A29  = 110.211389
A30  = 110.415016
A31  = 110.596112
A32  = 110.906388
D3   = 359.999999
D4   = 190.692931
D5   = 266.271692
D6   = 143.861782
D7   = 254.169696
D8   = 150.963402
D9   = 123.375496
D10  = 236.121902
D11  =  59.604430
D12  = 119.521421
D13  = 238.971554
D14  = 321.496198
D15  = 160.413505
D16  = 163.352984
D17  = 193.907331
D18  = 110.844733
D19  = 121.215654
D20  = 236.759954
D21  = 182.835376
D22  = 121.378425
D23  = 238.357377
D24  = 295.187485
D25  = 123.602884
D26  = 239.000268
D27  = 184.988764
D28  = 239.834885
D29  = 121.401984
D30  =  61.028607
D31  = 119.686948
D32  = 239.614287
